Hessian Condition Number (approx): 41629884874752.0
Eigenvalues:
[ 1.28163779e+00  9.15201366e-01  7.90087998e-01  6.57060146e-01
  4.52418417e-01  2.91986734e-01  2.12139275e-05  3.24179261e-08
 -2.96415852e-08  2.59098911e-08  2.41658835e-08 -2.14742037e-08
  2.02032453e-08 -1.74976140e-08  1.57148055e-08 -1.54074318e-08
  1.35646170e-08  1.24318795e-08 -1.38046907e-08 -1.22776918e-08
 -1.14435261e-08  9.29278965e-09  8.60510152e-09 -8.58725180e-09
  6.12084294e-09 -7.47853779e-09  5.22284838e-09 -6.03482508e-09
  3.73513975e-09  3.37873063e-09 -5.29986632e-09 -4.75397988e-09
  2.71205036e-09 -4.00942790e-09 -2.96838043e-09 -3.12321546e-09
  2.10569895e-09  1.74474979e-09 -2.14436424e-09 -1.54800661e-09
 -6.54799270e-10 -4.97518027e-10  6.13494866e-10  2.54982618e-10
  6.59184513e-11 -3.09381991e-12 -3.07864831e-14  7.11259800e-14]